# Energy [keV] Efficiency
0.000 0.000
0.250 0.000
0.500 0.009
0.750 0.017
1.000 0.136
1.250 0.255
1.500 0.453
1.750 0.651
2.000 0.742
2.250 0.833
2.500 0.863
2.750 0.893
3.000 0.901
3.250 0.909
3.500 0.914
3.750 0.918
4.000 0.921
4.250 0.924
4.500 0.926
4.750 0.928
5.000 0.929
5.250 0.931
5.500 0.932
5.750 0.933
6.000 0.934
6.250 0.935
6.500 0.935
6.750 0.936
7.000 0.936
7.250 0.936
7.500 0.936
7.750 0.936
8.000 0.937
8.250 0.937
8.500 0.937
8.750 0.937
9.000 0.937
9.250 0.937
9.500 0.937
9.750 0.937
10.000 0.937
10.250 0.937
10.500 0.937
10.750 0.937
11.000 0.937
11.250 0.937
11.500 0.937
11.750 0.937
12.000 0.937
12.250 0.937
12.500 0.937
12.750 0.937
13.000 0.937
13.250 0.937
13.500 0.937
13.750 0.936
14.000 0.936
14.250 0.936
14.500 0.935
14.750 0.935
15.000 0.933
15.250 0.930
15.500 0.927
15.750 0.924
16.000 0.917
16.250 0.910
16.500 0.901
16.750 0.891
17.000 0.876
17.250 0.860
17.500 0.835
17.750 0.809
18.000 0.782
18.250 0.755
18.500 0.720
18.750 0.684
19.000 0.648
19.250 0.613
19.500 0.566
19.750 0.519
20.000 0.475
