# Energy [keV] Efficiency
0.000 0.000
0.250 0.000
0.500 0.009
0.750 0.019
1.000 0.144
1.250 0.273
1.500 0.466
1.750 0.657
2.000 0.758
2.250 0.852
2.500 0.881
2.750 0.907
3.000 0.915
3.250 0.922
3.500 0.927
3.750 0.932
4.000 0.936
4.250 0.939
4.500 0.941
4.750 0.943
5.000 0.943
5.250 0.944
5.500 0.945
5.750 0.945
6.000 0.946
6.250 0.947
6.500 0.948
6.750 0.949
7.000 0.951
7.250 0.952
7.500 0.953
7.750 0.954
8.000 0.956
8.250 0.957
8.500 0.957
8.750 0.958
9.000 0.959
9.250 0.959
9.500 0.959
9.750 0.960
10.000 0.960
10.250 0.960
10.500 0.960
10.750 0.960
11.000 0.960
11.250 0.960
11.500 0.960
11.750 0.960
12.000 0.960
12.250 0.960
12.500 0.960
12.750 0.960
13.000 0.960
13.250 0.960
13.500 0.960
13.750 0.960
14.000 0.960
14.250 0.960
14.500 0.960
14.750 0.959
15.000 0.959
15.250 0.958
15.500 0.956
15.750 0.954
16.000 0.951
16.250 0.946
16.500 0.940
16.750 0.931
17.000 0.920
17.250 0.905
17.500 0.886
17.750 0.864
18.000 0.838
18.250 0.809
18.500 0.774
18.750 0.735
19.000 0.690
19.250 0.643
19.500 0.595
19.750 0.545
20.000 0.494
