# Energy [keV] Efficiency
0.000 0.000
0.250 0.000
0.500 0.009
0.750 0.019
1.000 0.144
1.250 0.273
1.500 0.466
1.750 0.657
2.000 0.758
2.250 0.852
2.500 0.881
2.750 0.907
3.000 0.915
3.250 0.922
3.500 0.927
3.750 0.932
4.000 0.936
4.250 0.939
4.500 0.941
4.750 0.943
5.000 0.943
5.250 0.944
5.500 0.945
5.750 0.945
6.000 0.946
6.250 0.947
6.500 0.948
6.750 0.949
7.000 0.951
7.250 0.952
7.500 0.953
7.750 0.954
8.000 0.955
8.250 0.956
8.500 0.957
8.750 0.957
9.000 0.957
9.250 0.957
9.500 0.956
9.750 0.955
10.000 0.951
10.250 0.947
10.500 0.941
10.750 0.934
11.000 0.923
11.250 0.909
11.500 0.890
11.750 0.868
12.000 0.842
12.250 0.812
12.500 0.777
12.750 0.739
13.000 0.693
13.250 0.646
13.500 0.600
13.750 0.553
14.000 0.502
14.250 0.450
14.500 0.402
14.750 0.356
15.000 0.311
15.250 0.269
15.500 0.231
15.750 0.196
16.000 0.165
16.250 0.138
16.500 0.114
16.750 0.093
17.000 0.076
17.250 0.061
17.500 0.049
17.750 0.038
18.000 0.030
18.250 0.024
18.500 0.019
18.750 0.014
19.000 0.011
19.250 0.008
19.500 0.006
19.750 0.005
20.000 0.004
