# # ER Counts [tn yr]\t BO [tn yr]
1.053533218159657281e+00 3.949211951232642015e+00 1.764434381131186891e+00
3.018913492547802946e+00 2.493649529618373606e+01 2.007561967287544391e+01
5.091975250003631714e+00 2.293172626877888476e+01 2.101524464091354361e+01
7.025411735156378512e+00 3.186880505433462218e+01 2.154901133661238077e+01
9.019580061536892401e+00 2.189972033084072933e+01 2.312764704857374198e+01
1.303342022344552831e+01 2.093711742724054403e+01 2.343873445492766550e+01
1.703888802124005863e+01 2.897748510283015833e+01 2.462839619998908347e+01
1.103545213181323348e+01 3.499216572128978697e+01 2.405945057436855095e+01
1.504188597162093188e+01 4.199372909928057851e+01 2.388170320676489311e+01
1.897502942402967463e+01 3.500591185510915437e+01 2.511304837801121437e+01
2.100867666734827921e+01 2.898435816973983492e+01 2.570373099339006373e+01
2.299730635285329683e+01 2.497108475247922854e+01 2.628013225750924420e+01
2.501607654916914569e+01 3.494711725013181081e+01 2.697677035228807441e+01
2.699903878819692338e+01 3.702816237878430883e+01 2.772224872896707737e+01
2.898206543002557467e+01 3.903995388759686591e+01 2.878373679061063584e+01
3.100457098879234152e+01 4.499927643453401060e+01 3.169658099482547442e+01
3.299223463228419462e+01 4.202480731487220567e+01 3.656041752035180536e+01
3.497526127411285302e+01 4.403659882368479828e+01 4.335609822561404059e+01
3.693967550648783060e+01 6.606268646623472307e+01 5.248555085390016473e+01
3.892643751076739989e+01 6.405776802433184969e+01 5.873238251933844367e+01
4.094430606787095428e+01 7.500335119974333509e+01 6.255487838936798539e+01
4.297879054760096551e+01 6.808150045645503212e+01 5.815079421605904031e+01
4.499446940947464668e+01 3.498170670642730329e+01 4.443979630783135804e+01
4.697556396727696892e+01 3.907110681043752720e+01 3.681832644617778527e+01
4.895208592621698074e+01 4.807751392308220062e+01 3.488667969421656778e+01
5.093884793049653581e+01 4.607259548117930592e+01 3.495708214580474760e+01
5.297623053626607259e+01 3.603433184509452047e+01 3.553377970937398089e+01
5.495178645319289501e+01 4.607954325533801665e+01 3.624454749267720644e+01
5.694125337510932638e+01 4.116597278015840544e+01 3.797150392285454501e+01
5.896202005825237791e+01 4.899514306277344389e+01 4.226705479882177485e+01
6.093660993316603935e+01 6.007915877061574150e+01 5.494956547145130088e+01
6.293213071836503048e+01 9.505574803048006061e+01 7.541000504874477883e+01
6.493376976964738390e+01 7.705324340555526419e+01 8.854332371899840837e+01
6.690372264289784709e+01 9.312351974187195935e+01 8.251057903486928069e+01
6.896615793820879503e+01 5.614559798805760948e+01 6.276591880922784839e+01
7.095671970774014881e+01 5.005471597559935049e+01 4.943151459540128911e+01
7.299126859027106207e+01 4.306361161247110658e+01 4.405113706884028346e+01
7.497429523209967783e+01 4.507540312128369919e+01 4.322876977325727665e+01
7.696389095961788485e+01 4.002332540642425585e+01 4.421361240503712509e+01
7.894498551742023551e+01 4.411272551043446555e+01 4.589855234260900829e+01
8.096839271539927552e+01 4.910249737961270711e+01 4.785359310060101024e+01
8.290079875573793800e+01 5.914763408260715494e+01 4.962593844286935507e+01
8.493727972229521583e+01 5.007892112428127263e+01 5.108349424603144939e+01
8.690626655353246122e+01 6.718800175819680476e+01 5.208941820547776302e+01
8.893901215763882817e+01 6.213599875058637423e+01 5.287596580455538486e+01
9.092487252270611009e+01 6.110063098644238266e+01 5.355534041324572314e+01
9.292000689109974587e+01 5.009274196534967416e+01 5.419177024761363270e+01
9.493684500338927990e+01 6.214638305819992325e+01 5.482202255471860752e+01
9.688882949519482679e+01 5.113841932985818062e+01 5.543200841421677438e+01
9.890476596827203082e+01 6.416161110046732574e+01 5.608478135946600673e+01
1.008999003366656808e+02 5.315372207937461724e+01 5.669897628051469241e+01
1.029307782595465852e+02 5.011007404712193392e+01 5.735522334064609851e+01
1.048622826606729745e+02 6.112476142787532041e+01 5.798550732603512614e+01
1.068885235818906523e+02 6.306737402409697069e+01 5.857022828137444037e+01
1.088631134568043279e+02 7.415138973193930383e+01 5.911402451873507147e+01
1.108948286160965608e+02 7.020744464176760857e+01 5.969826177666117673e+01
1.128806889811638712e+02 6.917207687762363832e+01 6.026531120391105389e+01
1.148637800257934316e+02 7.111461476659627579e+01 6.095739272787108831e+01
1.168945935458734198e+02 6.814022035418351209e+01 6.164236413608710308e+01
1.188906295534793855e+02 5.616278065533189334e+01 6.220857863610864769e+01
1.208605824267297919e+02 7.223305699164856719e+01 6.275637519774903694e+01
1.228501781542480273e+02 6.718097927678914516e+01 6.329947703930068315e+01
1.248829237583543090e+02 6.212897626917871463e+01 6.404013075723597126e+01
1.268770920847348407e+02 5.215989154568484309e+01 6.473466005460015538e+01
1.288498786812239700e+02 6.518300860904497540e+01 6.528431503206628861e+01
1.308769568388530047e+02 6.622532414734764927e+01 6.586883496682058592e+01
1.328609495226948525e+02 6.719831135856141202e+01 6.642496492539538622e+01
1.348318684379584909e+02 8.222978339727924890e+01 6.716355791224114569e+01
1.368270672091530002e+02 7.115264075634661367e+01 6.779864453931341473e+01
1.389047659682720166e+02 6.416161110046741101e+01 6.837173257883257804e+01
